145 22
146 22
145 23
146 23
162 78
162 79
162 80
163 78
163 79
163 80
161 28
161 29
161 30
161 31
162 28
162 29
162 30
162 31
163 28
163 29
163 30
163 31
114 48
115 48
116 48
114 49
115 49
116 49
194 43
194 44
195 43
195 44
70 113
66 12
61 132
57 140
53 147
47 169
48 169
47 170
48 170
152 177
153 177
134 29
135 29
134 30
135 30
187 335
188 335
189 335
187 336
188 336
189 336
187 337
141 390
141 391
142 390
142 391
143 390
143 391
134 418
134 419
156 578
156 579
156 580
156 581
156 582
157 578
157 579
157 580
157 581
157 582
120 498
121 498
120 499
121 499
102 587
103 587
102 588
103 588
90 558
91 558
90 559
91 559
55 495
55 496
38 436
85 355
86 355
99 247
100 247
99 248
100 248
134 230
135 230
134 231
30 171
31 171
30 172
31 172













